[1.0, 0.548, 0.183, 0.204, 0.617, 0.333, 0.309, 0.0, 0.154, 0.433, 0.408, 0.408]
[1.0, 0.4, 0.447, 0.676, 0.183, 0.169, 0.183, 0.169, 0.632, 0.671, 0.671]
[1.0, 0.671, 0.338, 0.183, 0.169, 0.183, 0.169, 0.158, 0.224, 0.224]
[1.0, 0.189, 0.0, 0.0, 0.204, 0.378, 0.177, 0.25, 0.25]
[1.0, 0.309, 0.286, 0.154, 0.143, 0.802, 0.567, 0.567]
[1.0, 0.926, 0.167, 0.154, 0.144, 0.0, 0.0]
[1.0, 0.154, 0.143, 0.134, 0.0, 0.0]
[1.0, 0.926, 0.144, 0.204, 0.204]
[1.0, 0.134, 0.189, 0.189]
[1.0, 0.53, 0.53]
[1.0, 1.0]
[1.0]
