[1.0, 0.548, 0.183, 0.204, 0.679, 0.333, 0.309, 0.0, 0.154, 0.546, 0.468, 0.408]
[1.0, 0.4, 0.447, 0.744, 0.183, 0.169, 0.183, 0.169, 0.717, 0.616, 0.671]
[1.0, 0.671, 0.248, 0.183, 0.169, 0.183, 0.169, 0.12, 0.103, 0.224]
[1.0, 0.139, 0.0, 0.0, 0.204, 0.378, 0.134, 0.115, 0.25]
[1.0, 0.226, 0.21, 0.113, 0.105, 0.889, 0.7, 0.693]
[1.0, 0.926, 0.167, 0.154, 0.109, 0.0, 0.0]
[1.0, 0.154, 0.143, 0.101, 0.0, 0.0]
[1.0, 0.926, 0.109, 0.094, 0.204]
[1.0, 0.101, 0.087, 0.189]
[1.0, 0.674, 0.668]
[1.0, 0.803]
[1.0]
